{
 "cells": [
  {
   "cell_type": "code",
   "execution_count": 9,
   "metadata": {},
   "outputs": [
    {
     "name": "stdout",
     "output_type": "stream",
     "text": [
      "converged SCF energy = -2.86162483917628\n",
      "[[ 9.42320761e-002  1.44033347e-001  1.82393252e-001  8.09740958e-002\n",
      "  -1.94540609e-031  7.10199597e-033 -1.33282363e-047 -3.85448681e-031\n",
      "   5.50309535e-033  5.53309468e-047 -2.74582850e-031  1.32163700e-033\n",
      "   1.46263777e-046  1.00894568e-064 -4.04358057e-079 -1.55147988e-017\n",
      "   7.78440421e-078 -1.71227547e-062 -5.10131308e-065 -4.89507941e-079\n",
      "   4.03707374e-017  8.59760393e-077 -7.56233499e-062 -2.14051823e-049\n",
      "   1.03141964e-109 -1.36693200e-049  1.09608024e-062 -3.55048784e-048\n",
      "  -8.78064216e-108  3.20890911e-047]\n",
      " [ 1.44033347e-001  2.20154388e-001  2.78787348e-001  1.23768578e-001\n",
      "  -2.97354533e-031  1.08553721e-032 -2.03721553e-047 -5.89156749e-031\n",
      "   8.41145898e-033  8.45731284e-047 -4.19698775e-031  2.02011680e-033\n",
      "   2.23563591e-046  1.54216938e-064 -6.18059654e-079 -2.37143071e-017\n",
      "   1.18984303e-077 -2.61720613e-062 -7.79733640e-065 -7.48210908e-079\n",
      "   6.17065088e-017  1.31414028e-076 -1.15589984e-061 -3.27177346e-049\n",
      "   1.57652075e-109 -2.08935003e-049  1.67535422e-062 -5.42690631e-048\n",
      "  -1.34211760e-107  4.90480459e-047]\n",
      " [ 1.82393252e-001  2.78787348e-001  3.53035822e-001  1.56731437e-001\n",
      "  -3.76547942e-031  1.37464460e-032 -2.57978012e-047 -7.46064837e-031\n",
      "   1.06516539e-032  1.07097198e-046 -5.31475704e-031  2.55812756e-033\n",
      "   2.83104512e-046  1.95289004e-064 -7.82665353e-079 -3.00300569e-017\n",
      "   1.50672983e-077 -3.31423762e-062 -9.87397414e-065 -9.47479342e-079\n",
      "   7.81405907e-017  1.66413074e-076 -1.46374667e-061 -4.14313362e-049\n",
      "   1.99639009e-109 -2.64579942e-049  2.12154554e-062 -6.87223557e-048\n",
      "  -1.69955916e-107  6.21108431e-047]\n",
      " [ 8.09740958e-002  1.23768578e-001  1.56731437e-001  6.95814469e-002\n",
      "  -1.67169721e-031  6.10278077e-033 -1.14530203e-047 -3.31217985e-031\n",
      "   4.72883745e-033  4.75461602e-047 -2.35950421e-031  1.13568930e-033\n",
      "   1.25685197e-046  8.66992082e-065 -3.47466907e-079 -1.33319444e-017\n",
      "   6.68917760e-078 -1.47136690e-062 -4.38358392e-065 -4.20636630e-079\n",
      "   3.46907772e-017  7.38796420e-077 -6.49835241e-062 -1.83935806e-049\n",
      "   8.86304073e-110 -1.17461152e-049  9.41867253e-063 -3.05095202e-048\n",
      "  -7.54524987e-108  2.75743170e-047]\n",
      " [-1.94540609e-031 -2.97354533e-031 -3.76547942e-031 -1.67169721e-031\n",
      "   4.01625964e-061 -1.46619567e-062  2.75159299e-077  7.95752614e-061\n",
      "  -1.13610520e-062 -1.14229852e-076  5.66871886e-061 -2.72849837e-063\n",
      "  -3.01959219e-076 -2.08295215e-094  8.34790718e-109  3.20300530e-047\n",
      "  -1.60707775e-107  3.53496523e-092  1.05315790e-094  1.01058129e-108\n",
      "  -8.33447394e-047 -1.77496153e-106  1.56123192e-091  4.41906554e-079\n",
      "  -2.12934929e-139  2.82200917e-079 -2.26284007e-092  7.32992517e-078\n",
      "   1.81274948e-137 -6.62474135e-077]\n",
      " [ 7.10199597e-033  1.08553721e-032  1.37464460e-032  6.10278077e-033\n",
      "  -1.46619567e-062  5.35256664e-064 -1.00451019e-078 -2.90501397e-062\n",
      "   4.14752201e-064  4.17013163e-078 -2.06945063e-062  9.96079150e-065\n",
      "   1.10234731e-077  7.60412847e-096 -3.04752841e-110 -1.16930501e-048\n",
      "   5.86687778e-109 -1.29049194e-093 -3.84471046e-096 -3.68927818e-110\n",
      "   3.04262440e-048  6.47976262e-108 -5.69951070e-093 -1.61324599e-080\n",
      "   7.77350816e-141 -1.03021667e-080  8.26083621e-094 -2.67589884e-079\n",
      "  -6.61771318e-139  2.41846094e-078]\n",
      " [-1.33282363e-047 -2.03721553e-047 -2.57978012e-047 -1.14530203e-047\n",
      "   2.75159299e-077 -1.00451019e-078  1.88515302e-093  5.45180719e-077\n",
      "  -7.78360812e-079 -7.82603934e-093  3.88371482e-077 -1.86933059e-079\n",
      "  -2.06876285e-092 -1.42705827e-110  5.71926244e-125  2.19442161e-063\n",
      "  -1.10103038e-123  2.42185178e-108  7.21532508e-111  6.92362706e-125\n",
      "  -5.71005915e-063 -1.21604980e-122  1.06962079e-107  3.02756068e-095\n",
      "  -1.45884557e-155  1.93339608e-095 -1.55030188e-108  5.02182940e-094\n",
      "   1.24193882e-153 -4.53869857e-093]\n",
      " [-3.85448681e-031 -5.89156749e-031 -7.46064837e-031 -3.31217985e-031\n",
      "   7.95752614e-061 -2.90501397e-062  5.45180719e-077  1.57664663e-060\n",
      "  -2.25099661e-062 -2.26326760e-076  1.12315892e-060 -5.40604917e-063\n",
      "  -5.98280141e-076 -4.12701063e-094  1.65399391e-108  6.34620287e-047\n",
      "  -3.18414754e-107  7.00392423e-092  2.08665083e-094  2.00229262e-108\n",
      "  -1.65133234e-046 -3.51678030e-106  3.09331192e-091  8.75561659e-079\n",
      "  -4.21893856e-139  5.59132470e-079 -4.48342752e-092  1.45229832e-077\n",
      "   3.59165061e-137 -1.31257830e-076]\n",
      " [ 5.50309535e-033  8.41145898e-033  1.06516539e-032  4.72883745e-033\n",
      "  -1.13610520e-062  4.14752201e-064 -7.78360812e-079 -2.25099661e-062\n",
      "   3.21377387e-064  3.23129330e-078 -1.60354697e-062  7.71827887e-065\n",
      "   8.54171470e-078  5.89218076e-096 -2.36142621e-110 -9.06054716e-049\n",
      "   4.54604423e-109 -9.99958355e-094 -2.97913549e-096 -2.85869630e-110\n",
      "   2.35762626e-048  5.02094787e-108 -4.41635717e-093 -1.25004950e-080\n",
      "   6.02342733e-141 -7.98279888e-081  6.40104128e-094 -2.07346309e-079\n",
      "  -5.12784108e-139  1.87398321e-078]\n",
      " [ 5.53309468e-047  8.45731284e-047  1.07097198e-046  4.75461602e-047\n",
      "  -1.14229852e-076  4.17013163e-078 -7.82603934e-093 -2.26326760e-076\n",
      "   3.23129330e-078  3.24890823e-092 -1.61228848e-076  7.76035395e-079\n",
      "   8.58827863e-092  5.92430113e-110 -2.37429918e-124 -9.10993942e-063\n",
      "   4.57082634e-123 -1.00540948e-107 -2.99537582e-110 -2.87428007e-124\n",
      "   2.37047852e-062  5.04831885e-122 -4.44043231e-107 -1.25686396e-094\n",
      "   6.05626318e-155 -8.02631595e-095  6.43593563e-108 -2.08476627e-093\n",
      "  -5.15579476e-153  1.88419895e-092]\n",
      " [-2.74582850e-031 -4.19698775e-031 -5.31475704e-031 -2.35950421e-031\n",
      "   5.66871886e-061 -2.06945063e-062  3.88371482e-077  1.12315892e-060\n",
      "  -1.60354697e-062 -1.61228848e-076  8.00106975e-061 -3.85111809e-063\n",
      "  -4.26198024e-076 -2.93996684e-094  1.17825896e-108  4.52085726e-047\n",
      "  -2.26829757e-107  4.98939955e-092  1.48647163e-094  1.42637721e-108\n",
      "  -1.17636293e-046 -2.50525584e-106  2.20358882e-091  6.23725615e-079\n",
      "  -3.00545373e-139  3.98310319e-079 -3.19386826e-092  1.03457666e-077\n",
      "   2.55859135e-137 -9.35044036e-077]\n",
      " [ 1.32163700e-033  2.02011680e-033  2.55812756e-033  1.13568930e-033\n",
      "  -2.72849837e-063  9.96079150e-065 -1.86933059e-079 -5.40604917e-063\n",
      "   7.71827887e-065  7.76035395e-079 -3.85111809e-063  1.85364095e-065\n",
      "   2.05139934e-078  1.41508071e-096 -5.67125962e-111 -2.17600343e-049\n",
      "   1.09178923e-109 -2.40152473e-094 -7.15476553e-097 -6.86551579e-111\n",
      "   5.66213357e-049  1.20584327e-108 -1.06064327e-093 -3.00214981e-081\n",
      "   1.44660121e-141 -1.91716873e-081  1.53728992e-094 -4.97968027e-080\n",
      "  -1.23151500e-139  4.50060444e-079]\n",
      " [ 1.46263777e-046  2.23563591e-046  2.83104512e-046  1.25685197e-046\n",
      "  -3.01959219e-076  1.10234731e-077 -2.06876285e-092 -5.98280141e-076\n",
      "   8.54171470e-078  8.58827863e-092 -4.26198024e-076  2.05139934e-078\n",
      "   2.27025587e-091  1.56605066e-109 -6.27630622e-124 -2.40815353e-062\n",
      "   1.20826836e-122 -2.65773490e-107 -7.91808212e-110 -7.59797335e-124\n",
      "   6.26620655e-062  1.33449041e-121 -1.17379954e-106 -3.32243854e-094\n",
      "   1.60093397e-154 -2.12170467e-094  1.70129793e-107 -5.51094471e-093\n",
      "  -1.36290098e-152  4.98075799e-092]\n",
      " [ 1.00894568e-064  1.54216938e-064  1.95289004e-064  8.66992082e-065\n",
      "  -2.08295215e-094  7.60412847e-096 -1.42705827e-110 -4.12701063e-094\n",
      "   5.89218076e-096  5.92430113e-110 -2.93996684e-094  1.41508071e-096\n",
      "   1.56605066e-109  1.08028117e-127 -4.32947389e-142 -1.66117418e-080\n",
      "   8.33478503e-141 -1.83333850e-125 -5.46199127e-128 -5.24117627e-142\n",
      "   4.32250701e-080  9.20548042e-140 -8.09701485e-125 -2.29185932e-112\n",
      "   1.10434411e-172 -1.46357820e-112  1.17357642e-125 -3.80151803e-111\n",
      "  -9.40146000e-171  3.43578865e-110]\n",
      " [-4.04358057e-079 -6.18059654e-079 -7.82665353e-079 -3.47466907e-079\n",
      "   8.34790718e-109 -3.04752841e-110  5.71926244e-125  1.65399391e-108\n",
      "  -2.36142621e-110 -2.37429918e-124  1.17825896e-108 -5.67125962e-111\n",
      "  -6.27630622e-124 -4.32947389e-142  1.73513569e-156  6.65753546e-095\n",
      "  -3.34035574e-155  7.34752338e-140  2.18901793e-142  2.10052127e-156\n",
      "  -1.73234355e-094 -3.68930683e-154  3.24506390e-139  9.18515042e-127\n",
      "  -4.42591163e-187  5.86562441e-127 -4.70337592e-140  1.52354530e-125\n",
      "   3.76785013e-185 -1.37697089e-124]\n",
      " [-1.55147988e-017 -2.37143071e-017 -3.00300569e-017 -1.33319444e-017\n",
      "   3.20300530e-047 -1.16930501e-048  2.19442161e-063  6.34620287e-047\n",
      "  -9.06054716e-049 -9.10993942e-063  4.52085726e-047 -2.17600343e-049\n",
      "  -2.40815353e-062 -1.66117418e-080  6.65753546e-095  2.55442723e-033\n",
      "  -1.28165981e-093  2.81916842e-078  8.39903450e-081  8.05948199e-095\n",
      "  -6.64682232e-033 -1.41554872e-092  1.24509732e-077  3.52424684e-065\n",
      "  -1.69817634e-125  2.25057918e-065 -1.80463650e-078  5.84568511e-064\n",
      "   1.44568497e-123 -5.28329431e-063]\n",
      " [ 7.78440421e-078  1.18984303e-077  1.50672983e-077  6.68917760e-078\n",
      "  -1.60707775e-107  5.86687778e-109 -1.10103038e-123 -3.18414754e-107\n",
      "   4.54604423e-109  4.57082634e-123 -2.26829757e-107  1.09178923e-109\n",
      "   1.20826836e-122  8.33478503e-141 -3.34035574e-155 -1.28165981e-093\n",
      "   6.43060743e-154 -1.41449122e-138 -4.21413648e-141 -4.04376921e-155\n",
      "   3.33498052e-093  7.10238244e-153 -6.24715859e-138 -1.76825767e-125\n",
      "   8.52043988e-186 -1.12920691e-125  9.05459374e-139 -2.93301747e-124\n",
      "  -7.25358823e-184  2.65084318e-123]\n",
      " [-1.71227547e-062 -2.61720613e-062 -3.31423762e-062 -1.47136690e-062\n",
      "   3.53496523e-092 -1.29049194e-093  2.42185178e-108  7.00392423e-092\n",
      "  -9.99958355e-094 -1.00540948e-107  4.98939955e-092 -2.40152473e-094\n",
      "  -2.65773490e-107 -1.83333850e-125  7.34752338e-140  2.81916842e-078\n",
      "  -1.41449122e-138  3.11134744e-123  9.26951162e-126  8.89476785e-140\n",
      "  -7.33569993e-078 -1.56225639e-137  1.37413938e-122  3.88950028e-110\n",
      "  -1.87417557e-170  2.48382952e-110 -1.99166928e-123  6.45153274e-109\n",
      "   1.59551597e-168 -5.83085568e-108]\n",
      " [-5.10131308e-065 -7.79733640e-065 -9.87397414e-065 -4.38358392e-065\n",
      "   1.05315790e-094 -3.84471046e-096  7.21532508e-111  2.08665083e-094\n",
      "  -2.97913549e-096 -2.99537582e-110  1.48647163e-094 -7.15476553e-097\n",
      "  -7.91808212e-110 -5.46199127e-128  2.18901793e-142  8.39903450e-081\n",
      "  -4.21413648e-141  9.26951162e-126  2.76162812e-128  2.64998222e-142\n",
      "  -2.18549542e-080 -4.65436730e-140  4.09391791e-125  1.15878309e-112\n",
      "  -5.58365550e-173  7.39997287e-113 -5.93369977e-126  1.92207906e-111\n",
      "   4.75345621e-171 -1.73716326e-110]\n",
      " [-4.89507941e-079 -7.48210908e-079 -9.47479342e-079 -4.20636630e-079\n",
      "   1.01058129e-108 -3.68927818e-110  6.92362706e-125  2.00229262e-108\n",
      "  -2.85869630e-110 -2.87428007e-124  1.42637721e-108 -6.86551579e-111\n",
      "  -7.59797335e-124 -5.24117627e-142  2.10052127e-156  8.05948199e-095\n",
      "  -4.04376921e-155  8.89476785e-140  2.64998222e-142  2.54284989e-156\n",
      "  -2.09714116e-094 -4.46620257e-154  3.92841078e-139  1.11193631e-126\n",
      "  -5.35792191e-187  7.10080999e-127 -5.69381474e-140  1.84437409e-125\n",
      "   4.56128555e-185 -1.66693398e-124]\n",
      " [ 4.03707374e-017  6.17065088e-017  7.81405907e-017  3.46907772e-017\n",
      "  -8.33447394e-047  3.04262440e-048 -5.71005915e-063 -1.65133234e-046\n",
      "   2.35762626e-048  2.37047852e-062 -1.17636293e-046  5.66213357e-049\n",
      "   6.26620655e-062  4.32250701e-080 -1.73234355e-094 -6.64682232e-033\n",
      "   3.33498052e-093 -7.33569993e-078 -2.18549542e-080 -2.09714116e-094\n",
      "   1.72955591e-032  3.68337009e-092 -3.23984202e-077 -9.17036991e-065\n",
      "   4.41878957e-125 -5.85618560e-065  4.69580736e-078 -1.52109365e-063\n",
      "  -3.76178700e-123  1.37475510e-062]\n",
      " [ 8.59760393e-077  1.31414028e-076  1.66413074e-076  7.38796420e-077\n",
      "  -1.77496153e-106  6.47976262e-108 -1.21604980e-122 -3.51678030e-106\n",
      "   5.02094787e-108  5.04831885e-122 -2.50525584e-106  1.20584327e-108\n",
      "   1.33449041e-121  9.20548042e-140 -3.68930683e-154 -1.41554872e-092\n",
      "   7.10238244e-153 -1.56225639e-137 -4.65436730e-140 -4.46620257e-154\n",
      "   3.68337009e-092  7.84433459e-152 -6.89976957e-137 -1.95297915e-124\n",
      "   9.41052975e-185 -1.24716980e-124  1.00004841e-137 -3.23941587e-123\n",
      "  -8.01133613e-183  2.92776417e-122]\n",
      " [-7.56233499e-062 -1.15589984e-061 -1.46374667e-061 -6.49835241e-062\n",
      "   1.56123192e-091 -5.69951070e-093  1.06962079e-107  3.09331192e-091\n",
      "  -4.41635717e-093 -4.44043231e-107  2.20358882e-091 -1.06064327e-093\n",
      "  -1.17379954e-106 -8.09701485e-125  3.24506390e-139  1.24509732e-077\n",
      "  -6.24715859e-138  1.37413938e-122  4.09391791e-125  3.92841078e-139\n",
      "  -3.23984202e-077 -6.89976957e-137  6.06894307e-122  1.71781379e-109\n",
      "  -8.27737344e-170  1.09699352e-109 -8.79628925e-123  2.84934595e-108\n",
      "   7.04666184e-168 -2.57522138e-107]\n",
      " [-2.14051823e-049 -3.27177346e-049 -4.14313362e-049 -1.83935806e-049\n",
      "   4.41906554e-079 -1.61324599e-080  3.02756068e-095  8.75561659e-079\n",
      "  -1.25004950e-080 -1.25686396e-094  6.23725615e-079 -3.00214981e-081\n",
      "  -3.32243854e-094 -2.29185932e-112  9.18515042e-127  3.52424684e-065\n",
      "  -1.76825767e-125  3.88950028e-110  1.15878309e-112  1.11193631e-126\n",
      "  -9.17036991e-065 -1.95297915e-124  1.71781379e-109  4.86227036e-097\n",
      "  -2.34290980e-157  3.10503916e-097 -2.48978887e-110  8.06507114e-096\n",
      "   1.99455700e-155 -7.28916177e-095]\n",
      " [ 1.03141964e-109  1.57652075e-109  1.99639009e-109  8.86304073e-110\n",
      "  -2.12934929e-139  7.77350816e-141 -1.45884557e-155 -4.21893856e-139\n",
      "   6.02342733e-141  6.05626318e-155 -3.00545373e-139  1.44660121e-141\n",
      "   1.60093397e-154  1.10434411e-172 -4.42591163e-187 -1.69817634e-125\n",
      "   8.52043988e-186 -1.87417557e-170 -5.58365550e-173 -5.35792191e-187\n",
      "   4.41878957e-125  9.41052975e-185 -8.27737344e-170 -2.34290980e-157\n",
      "   1.12894305e-217 -1.49617897e-157  1.19971748e-170 -3.88619571e-156\n",
      "  -9.61087473e-216  3.51231982e-155]\n",
      " [-1.36693200e-049 -2.08935003e-049 -2.64579942e-049 -1.17461152e-049\n",
      "   2.82200917e-079 -1.03021667e-080  1.93339608e-095  5.59132470e-079\n",
      "  -7.98279888e-081 -8.02631595e-095  3.98310319e-079 -1.91716873e-081\n",
      "  -2.12170467e-094 -1.46357820e-112  5.86562441e-127  2.25057918e-065\n",
      "  -1.12920691e-125  2.48382952e-110  7.39997287e-113  7.10080999e-127\n",
      "  -5.85618560e-065 -1.24716980e-124  1.09699352e-109  3.10503916e-097\n",
      "  -1.49617897e-157  1.98287373e-097 -1.58997575e-110  5.15034332e-096\n",
      "   1.27372135e-155 -4.65484867e-095]\n",
      " [ 1.09608024e-062  1.67535422e-062  2.12154554e-062  9.41867253e-063\n",
      "  -2.26284007e-092  8.26083621e-094 -1.55030188e-108 -4.48342752e-092\n",
      "   6.40104128e-094  6.43593563e-108 -3.19386826e-092  1.53728992e-094\n",
      "   1.70129793e-107  1.17357642e-125 -4.70337592e-140 -1.80463650e-078\n",
      "   9.05459374e-139 -1.99166928e-123 -5.93369977e-126 -5.69381474e-140\n",
      "   4.69580736e-078  1.00004841e-137 -8.79628925e-123 -2.48978887e-110\n",
      "   1.19971748e-170 -1.58997575e-110  1.27492882e-123 -4.12982473e-109\n",
      "  -1.02133889e-168  3.73251023e-108]\n",
      " [-3.55048784e-048 -5.42690631e-048 -6.87223557e-048 -3.05095202e-048\n",
      "   7.32992517e-078 -2.67589884e-079  5.02182940e-094  1.45229832e-077\n",
      "  -2.07346309e-079 -2.08476627e-093  1.03457666e-077 -4.97968027e-080\n",
      "  -5.51094471e-093 -3.80151803e-111  1.52354530e-125  5.84568511e-064\n",
      "  -2.93301747e-124  6.45153274e-109  1.92207906e-111  1.84437409e-125\n",
      "  -1.52109365e-063 -3.23941587e-123  2.84934595e-108  8.06507114e-096\n",
      "  -3.88619571e-156  5.15034332e-096 -4.12982473e-109  1.33775721e-094\n",
      "   3.30838124e-154 -1.20905675e-093]\n",
      " [-8.78064216e-108 -1.34211760e-107 -1.69955916e-107 -7.54524987e-108\n",
      "   1.81274948e-137 -6.61771318e-139  1.24193882e-153  3.59165061e-137\n",
      "  -5.12784108e-139 -5.15579476e-153  2.55859135e-137 -1.23151500e-139\n",
      "  -1.36290098e-152 -9.40146000e-171  3.76785013e-185  1.44568497e-123\n",
      "  -7.25358823e-184  1.59551597e-168  4.75345621e-171  4.56128555e-185\n",
      "  -3.76178700e-123 -8.01133613e-183  7.04666184e-168  1.99455700e-155\n",
      "  -9.61087473e-216  1.27372135e-155 -1.02133889e-168  3.30838124e-154\n",
      "   8.18189305e-214 -2.99009465e-153]\n",
      " [ 3.20890911e-047  4.90480459e-047  6.21108431e-047  2.75743170e-047\n",
      "  -6.62474135e-077  2.41846094e-078 -4.53869857e-093 -1.31257830e-076\n",
      "   1.87398321e-078  1.88419895e-092 -9.35044036e-077  4.50060444e-079\n",
      "   4.98075799e-092  3.43578865e-110 -1.37697089e-124 -5.28329431e-063\n",
      "   2.65084318e-123 -5.83085568e-108 -1.73716326e-110 -1.66693398e-124\n",
      "   1.37475510e-062  2.92776417e-122 -2.57522138e-107 -7.28916177e-095\n",
      "   3.51231982e-155 -4.65484867e-095  3.73251023e-108 -1.20905675e-093\n",
      "  -2.99009465e-153  1.09273807e-092]]\n"
     ]
    },
    {
     "name": "stdout",
     "output_type": "stream",
     "text": [
      "E(CCSD) = -2.902451379322164  E_corr = -0.0408265401458826\n",
      "E(CCSD) = -2.902451415735089, reference -2.902451379322164\n"
     ]
    }
   ],
   "source": [
    "import numpy as np\n",
    "import numpy\n",
    "from pyscf import gto, scf, cc, ao2mo,lib\n",
    "\n",
    "mol = gto.M(    atom = 'He 0 0 0',basis = 'def2-QZVPP')\n",
    "mf = scf.RHF(mol).run()\n",
    "print (mf.make_rdm1())\n",
    "mycc = cc.CCSD(mf).run()\n",
    "\n",
    "# CCSD density matrix in MO basis\n",
    "dm1 = mycc.make_rdm1()\n",
    "dm2 = mycc.make_rdm2()\n",
    "\n",
    "# CCSD energy based on density matrices\n",
    "h1 = np.einsum('pi,pq,qj->ij', mf.mo_coeff.conj(), mf.get_hcore(), mf.mo_coeff)\n",
    "nmo = mf.mo_coeff.shape[1]\n",
    "#Electron Repulsion Integrals\n",
    "eri = ao2mo.kernel(mol,mf.mo_coeff,compact=False).reshape([nmo]*4)\n",
    "E = np.einsum('pq,qp', h1, dm1)\n",
    "\n",
    "# Note dm2 is transposed to simplify its contraction to integrals\n",
    "E+= np.einsum('pqrs,pqrs', eri, dm2)*.5\n",
    "E+= mol.energy_nuc()\n",
    "print('E(CCSD) = %s, reference %s' % (E, mycc.e_tot))\n",
    "\n",
    "# When plottingdm2 CCSD density on the grids, CCSD density matrices need to be\n",
    "# first transformed to AO basis.\n",
    "dm1_ao=np.einsum('pi,ij,qj->pq', mf.mo_coeff, dm1, mf.mo_coeff.conj())"
   ]
  },
  {
   "cell_type": "code",
   "execution_count": 5,
   "metadata": {},
   "outputs": [],
   "source": [
    "dm1=mycc.make_rdm1(ao_repr=False)"
   ]
  },
  {
   "cell_type": "code",
   "execution_count": 11,
   "metadata": {},
   "outputs": [
    {
     "data": {
      "text/plain": [
       "(30, 30)"
      ]
     },
     "execution_count": 11,
     "metadata": {},
     "output_type": "execute_result"
    }
   ],
   "source": [
    "mf.mo_coeff.shape"
   ]
  },
  {
   "cell_type": "code",
   "execution_count": 37,
   "metadata": {},
   "outputs": [],
   "source": [
    "# t1,t2 are the excitator operators wether l1,l2 are the deexcitator operators\n",
    "def _gamma1_intermediates(mycc, t1, t2, l1, l2):\n",
    "    nocc, nvir = t1.shape\n",
    "    doo =-numpy.einsum('ja,ia->ij', t1, l1)\n",
    "    dvv = numpy.einsum('ia,ib->ab', t1, l1)\n",
    "    xtv = numpy.einsum('ie,me->im', t1, l1)\n",
    "    dvo = t1.T - numpy.einsum('im,ma->ai', xtv, t1)\n",
    "    theta = t2 * 2 - t2.transpose(0,1,3,2)\n",
    "    doo -= lib.einsum('jkab,ikab->ij', theta, l2)\n",
    "    dvv += lib.einsum('jica,jicb->ab', theta, l2)\n",
    "    xt1  = lib.einsum('mnef,inef->mi', l2, theta)\n",
    "    xt2  = lib.einsum('mnaf,mnef->ea', l2, theta)\n",
    "    dvo += numpy.einsum('imae,me->ai', theta, l1)\n",
    "    dvo -= numpy.einsum('mi,ma->ai', xt1, t1)\n",
    "    dvo -= numpy.einsum('ie,ae->ai', t1, xt2)\n",
    "    dov = l1\n",
    "    return doo, dov, dvo, dvv"
   ]
  },
  {
   "cell_type": "code",
   "execution_count": 6,
   "metadata": {},
   "outputs": [
    {
     "data": {
      "text/plain": [
       "array([[0.70112044, 0.60816931],\n",
       "       [0.60816931, 0.52754118]])"
      ]
     },
     "execution_count": 6,
     "metadata": {},
     "output_type": "execute_result"
    }
   ],
   "source": [
    "mf.mo_coeff.dot(np.array([[2,0],[0,0]]).dot(mf.mo_coeff.T))"
   ]
  },
  {
   "cell_type": "code",
   "execution_count": 44,
   "metadata": {},
   "outputs": [],
   "source": [
    "# copy paste of source code\n",
    "def _make_rdm1(mycc, d1, with_frozen=True, ao_repr=False):\n",
    "    '''dm1[p,q] = <q_alpha^\\dagger p_alpha> + <q_beta^\\dagger p_beta>\n",
    "    The contraction between 1-particle Hamiltonian and rdm1 is\n",
    "    E = einsum('pq,qp', h1, rdm1)\n",
    "    doo=t1  dov=t2   dvo=l1   dvv=l2\n",
    "    '''\n",
    "    doo, dov, dvo, dvv = d1\n",
    "    nocc, nvir = dov.shape\n",
    "    nmo = nocc + nvir\n",
    "    dm1 = numpy.empty((nmo,nmo), dtype=doo.dtype)\n",
    "    dm1[:nocc,:nocc] = doo + doo.conj().T\n",
    "    dm1[:nocc,nocc:] = dov + dvo.conj().T\n",
    "    dm1[nocc:,:nocc] = dm1[:nocc,nocc:].conj().T\n",
    "    dm1[nocc:,nocc:] = dvv + dvv.conj().T\n",
    "    dm1[numpy.diag_indices(nocc)] += 2\n",
    "    return dm1"
   ]
  },
  {
   "cell_type": "code",
   "execution_count": 47,
   "metadata": {},
   "outputs": [
    {
     "data": {
      "text/plain": [
       "(array([[0.00208455]]),\n",
       " array([[[[-0.06589654]]]]),\n",
       " array([[0.00193877]]),\n",
       " array([[[[-0.06560679]]]]))"
      ]
     },
     "execution_count": 47,
     "metadata": {},
     "output_type": "execute_result"
    }
   ],
   "source": [
    "mycc.t1, mycc.t2,mycc.l1, mycc.l2"
   ]
  },
  {
   "cell_type": "code",
   "execution_count": 9,
   "metadata": {},
   "outputs": [
    {
     "data": {
      "text/plain": [
       "(array([[[[-0.13179307]]]]), array([[0.0041691]]))"
      ]
     },
     "execution_count": 9,
     "metadata": {},
     "output_type": "execute_result"
    }
   ],
   "source": [
    "mycc.t2*2, mycc.t1*2"
   ]
  },
  {
   "cell_type": "code",
   "execution_count": 20,
   "metadata": {},
   "outputs": [],
   "source": [
    "dm1[np.diag_indices(1)] -= 2"
   ]
  },
  {
   "cell_type": "code",
   "execution_count": 46,
   "metadata": {},
   "outputs": [
    {
     "data": {
      "text/plain": [
       "array([[1.9913454 , 0.00387753],\n",
       "       [0.00387753, 0.0086546 ]])"
      ]
     },
     "execution_count": 46,
     "metadata": {},
     "output_type": "execute_result"
    }
   ],
   "source": [
    "dm1"
   ]
  },
  {
   "cell_type": "code",
   "execution_count": 45,
   "metadata": {},
   "outputs": [
    {
     "data": {
      "text/plain": [
       "array([[1.9913454 , 0.00387753],\n",
       "       [0.00387753, 0.0086546 ]])"
      ]
     },
     "execution_count": 45,
     "metadata": {},
     "output_type": "execute_result"
    }
   ],
   "source": [
    "_make_rdm1(mycc,_gamma1_intermediates(mycc, t1, t2, l1, l2))"
   ]
  }
 ],
 "metadata": {
  "kernelspec": {
   "display_name": "Python 3",
   "language": "python",
   "name": "python3"
  },
  "language_info": {
   "codemirror_mode": {
    "name": "ipython",
    "version": 3
   },
   "file_extension": ".py",
   "mimetype": "text/x-python",
   "name": "python",
   "nbconvert_exporter": "python",
   "pygments_lexer": "ipython3",
   "version": "3.6.9"
  }
 },
 "nbformat": 4,
 "nbformat_minor": 2
}
