{
 "cells": [
  {
   "cell_type": "code",
   "execution_count": 53,
   "metadata": {},
   "outputs": [
    {
     "name": "stdout",
     "output_type": "stream",
     "text": [
      "converged SCF energy = -108.835236570774\n",
      "E(CCSD) = -109.041857111477  E_corr = -0.2066205407024847\n",
      "converged SCF energy = -108.835236570774\n",
      "Energy: -109.04185711147682\n",
      "expected: -110.8722842\n",
      "EPN, method B 21.964057317822466\n",
      "EPN, method B 21.964057317822515\n"
     ]
    }
   ],
   "source": [
    "import numpy as np\n",
    "import pyscf\n",
    "import pyscf.gto\n",
    "import pyscf.qmmm\n",
    "import pyscf.scf\n",
    "\n",
    "mol = pyscf.gto.M(atom='N 0 0 0.; N 0 0 1.', basis='631G', verbose=3)\n",
    "deltaZ = np.array((-0.00, 0))\n",
    "includeonly = [0, 1]\n",
    "\n",
    "calc = pyscf.scf.RHF(mol)\n",
    "\n",
    "\n",
    "mf = pyscf.qmmm.mm_charge(calc, mol.atom_coords()/(1 / 0.52917721067), deltaZ)\n",
    "class NoSelfQMMM(mf.__class__):\n",
    "        def energy_nuc(self):\n",
    "                return self.mol.energy_nuc()\n",
    "mf = NoSelfQMMM()\n",
    "mf.kernel()\n",
    "mycc = pyscf.cc.CCSD(mf).run()\n",
    "print ('Energy:', mycc.energy() + mf.kernel()+deltaZ[0]*(7+deltaZ[1])/(1/0.52917721067) + deltaZ[1]*(7+deltaZ[0])/(1/0.52917721067))\n",
    "print ('expected:', -110.8722842)\n",
    "dm1 = mycc.make_rdm1()\n",
    "dm1_ao = np.einsum('pi,ij,qj->pq', mf.mo_coeff, dm1, mf.mo_coeff.conj())\n",
    "\n",
    "for site in includeonly:\n",
    "    # method A\n",
    "    #q = mol._atm.copy()\n",
    "    #q[site, 0] = 0\n",
    "    #a = pyscf.gto.getints('int1e_nuc_sph', q, mol._bas, mol._env)\n",
    "    #print ('EPN, method A', np.matmul(a, dm1_ao).trace() / mol.atom_charges()[site])\n",
    "    \n",
    "    # method B\n",
    "    mol.set_rinv_orig_(mol.atom_coords()[site])\n",
    "    print ('EPN, method B', np.matmul(mol.intor('int1e_rinv'), dm1_ao).trace())"
   ]
  },
  {
   "cell_type": "code",
   "execution_count": 32,
   "metadata": {},
   "outputs": [
    {
     "data": {
      "text/plain": [
       "array([[0., 0., 0.],\n",
       "       [0., 0., 1.]])"
      ]
     },
     "execution_count": 32,
     "metadata": {},
     "output_type": "execute_result"
    }
   ],
   "source": [
    "mol.atom_coords()/(1 / 0.52917721067)"
   ]
  },
  {
   "cell_type": "code",
   "execution_count": 15,
   "metadata": {},
   "outputs": [
    {
     "data": {
      "text/plain": [
       "0.18653496676117504"
      ]
     },
     "execution_count": 15,
     "metadata": {},
     "output_type": "execute_result"
    }
   ],
   "source": [
    "0.05*(7.05)/(1/0.52917721067)"
   ]
  },
  {
   "cell_type": "code",
   "execution_count": 28,
   "metadata": {},
   "outputs": [
    {
     "data": {
      "text/plain": [
       "array([[0., 0., 0.],\n",
       "       [0., 0., 1.]])"
      ]
     },
     "execution_count": 28,
     "metadata": {},
     "output_type": "execute_result"
    }
   ],
   "source": [
    "mol.atom_coords()/(1 / 0.52917721067)"
   ]
  },
  {
   "cell_type": "code",
   "execution_count": 46,
   "metadata": {},
   "outputs": [
    {
     "data": {
      "text/plain": [
       "array([2.08510789, 0.50211401, 1.05217241, 0.42821792, 0.41463665,\n",
       "       0.6641638 , 0.11165596, 0.17542803, 0.07905939, 2.08510789,\n",
       "       0.50211401, 1.05217241, 0.42821792, 0.41463665, 0.6641638 ,\n",
       "       0.11165596, 0.17542803, 0.07905939])"
      ]
     },
     "execution_count": 46,
     "metadata": {},
     "output_type": "execute_result"
    }
   ],
   "source": [
    "dm1_ao.diagonal()"
   ]
  },
  {
   "cell_type": "code",
   "execution_count": 47,
   "metadata": {},
   "outputs": [
    {
     "data": {
      "text/plain": [
       "array([1.99993837, 1.99994299, 1.98899603, 1.97588856, 1.9476586 ,\n",
       "       1.9476586 , 1.98092735, 0.04386803, 0.04386803, 0.00602777,\n",
       "       0.00400162, 0.0059458 , 0.0059458 , 0.01215502, 0.00940992,\n",
       "       0.00940992, 0.01007105, 0.00828655])"
      ]
     },
     "execution_count": 47,
     "metadata": {},
     "output_type": "execute_result"
    }
   ],
   "source": [
    "dm1.diagonal()"
   ]
  },
  {
   "cell_type": "code",
   "execution_count": 48,
   "metadata": {},
   "outputs": [
    {
     "data": {
      "text/plain": [
       "array([[ 5.29177211e-01,  1.17591325e-01,  9.09491487e-02,\n",
       "         0.00000000e+00,  0.00000000e+00,  2.30300834e-02,\n",
       "         0.00000000e+00,  0.00000000e+00,  3.37425082e-03,\n",
       "         5.75757734e-05,  2.32692260e-02,  4.51926896e-02,\n",
       "         0.00000000e+00,  0.00000000e+00, -4.43854682e-02,\n",
       "         0.00000000e+00,  0.00000000e+00, -7.43013701e-02],\n",
       "       [ 1.17591325e-01,  5.28554613e-01,  4.06756179e-01,\n",
       "         0.00000000e+00,  0.00000000e+00,  1.59269386e-01,\n",
       "         0.00000000e+00,  0.00000000e+00,  1.01031049e-01,\n",
       "         1.25363842e-01,  2.60412985e-01,  2.84327331e-01,\n",
       "         0.00000000e+00,  0.00000000e+00, -2.99326727e-01,\n",
       "         0.00000000e+00,  0.00000000e+00, -3.06615213e-01],\n",
       "       [ 9.09491487e-02,  4.06756179e-01,  4.85888913e-01,\n",
       "         0.00000000e+00,  0.00000000e+00,  1.48099628e-01,\n",
       "         0.00000000e+00,  0.00000000e+00,  1.86327523e-01,\n",
       "         2.82410294e-01,  4.12498415e-01,  4.46315998e-01,\n",
       "         0.00000000e+00,  0.00000000e+00, -1.94712635e-01,\n",
       "         0.00000000e+00,  0.00000000e+00, -2.71487861e-01],\n",
       "       [ 0.00000000e+00,  0.00000000e+00,  0.00000000e+00,\n",
       "         4.94817562e-01,  0.00000000e+00,  0.00000000e+00,\n",
       "         2.39507014e-01,  0.00000000e+00,  0.00000000e+00,\n",
       "         0.00000000e+00,  0.00000000e+00,  0.00000000e+00,\n",
       "         1.37903689e-01,  0.00000000e+00,  0.00000000e+00,\n",
       "         1.49960823e-01,  0.00000000e+00,  0.00000000e+00],\n",
       "       [ 0.00000000e+00,  0.00000000e+00,  0.00000000e+00,\n",
       "         0.00000000e+00,  4.94817562e-01,  0.00000000e+00,\n",
       "         0.00000000e+00,  2.39507014e-01,  0.00000000e+00,\n",
       "         0.00000000e+00,  0.00000000e+00,  0.00000000e+00,\n",
       "         0.00000000e+00,  1.37903689e-01,  0.00000000e+00,\n",
       "         0.00000000e+00,  1.49960823e-01,  0.00000000e+00],\n",
       "       [ 2.30300834e-02,  1.59269386e-01,  1.48099628e-01,\n",
       "         0.00000000e+00,  0.00000000e+00,  5.94014636e-01,\n",
       "         0.00000000e+00,  0.00000000e+00,  3.24470968e-01,\n",
       "         2.55270136e-01,  3.74481367e-01,  2.64525447e-01,\n",
       "         0.00000000e+00,  0.00000000e+00, -3.60528651e-01,\n",
       "         0.00000000e+00,  0.00000000e+00, -1.19668302e-01],\n",
       "       [ 0.00000000e+00,  0.00000000e+00,  0.00000000e+00,\n",
       "         2.39507014e-01,  0.00000000e+00,  0.00000000e+00,\n",
       "         3.78823756e-01,  0.00000000e+00,  0.00000000e+00,\n",
       "         0.00000000e+00,  0.00000000e+00,  0.00000000e+00,\n",
       "         2.23766608e-01,  0.00000000e+00,  0.00000000e+00,\n",
       "         3.11997821e-01,  0.00000000e+00,  0.00000000e+00],\n",
       "       [ 0.00000000e+00,  0.00000000e+00,  0.00000000e+00,\n",
       "         0.00000000e+00,  2.39507014e-01,  0.00000000e+00,\n",
       "         0.00000000e+00,  3.78823756e-01,  0.00000000e+00,\n",
       "         0.00000000e+00,  0.00000000e+00,  0.00000000e+00,\n",
       "         0.00000000e+00,  2.23766608e-01,  0.00000000e+00,\n",
       "         0.00000000e+00,  3.11997821e-01,  0.00000000e+00],\n",
       "       [ 3.37425082e-03,  1.01031049e-01,  1.86327523e-01,\n",
       "         0.00000000e+00,  0.00000000e+00,  3.24470968e-01,\n",
       "         0.00000000e+00,  0.00000000e+00,  5.38399634e-01,\n",
       "         4.82925215e-01,  5.95689061e-01,  5.05244331e-01,\n",
       "         0.00000000e+00,  0.00000000e+00, -6.38206172e-02,\n",
       "         0.00000000e+00,  0.00000000e+00,  3.23986188e-02],\n",
       "       [ 5.75757734e-05,  1.25363842e-01,  2.82410294e-01,\n",
       "         0.00000000e+00,  0.00000000e+00,  2.55270136e-01,\n",
       "         0.00000000e+00,  0.00000000e+00,  4.82925215e-01,\n",
       "         6.68919293e+00,  4.77306654e-01,  5.94317958e-01,\n",
       "         0.00000000e+00,  0.00000000e+00,  4.09881849e-16,\n",
       "         0.00000000e+00,  0.00000000e+00,  2.92114647e-17],\n",
       "       [ 2.32692260e-02,  2.60412985e-01,  4.12498415e-01,\n",
       "         0.00000000e+00,  0.00000000e+00,  3.74481367e-01,\n",
       "         0.00000000e+00,  0.00000000e+00,  5.95689061e-01,\n",
       "         4.77306654e-01,  1.13382918e+00,  7.73544237e-01,\n",
       "         0.00000000e+00,  0.00000000e+00, -2.49749610e-16,\n",
       "         0.00000000e+00,  0.00000000e+00,  1.24684083e-17],\n",
       "       [ 4.51926896e-02,  2.84327331e-01,  4.46315998e-01,\n",
       "         0.00000000e+00,  0.00000000e+00,  2.64525447e-01,\n",
       "         0.00000000e+00,  0.00000000e+00,  5.05244331e-01,\n",
       "         5.94317958e-01,  7.73544237e-01,  7.34801519e-01,\n",
       "         0.00000000e+00,  0.00000000e+00, -5.42750947e-17,\n",
       "         0.00000000e+00,  0.00000000e+00,  0.00000000e+00],\n",
       "       [ 0.00000000e+00,  0.00000000e+00,  0.00000000e+00,\n",
       "         1.37903689e-01,  0.00000000e+00,  0.00000000e+00,\n",
       "         2.23766608e-01,  0.00000000e+00,  0.00000000e+00,\n",
       "         0.00000000e+00,  0.00000000e+00,  0.00000000e+00,\n",
       "         1.24822527e+00,  0.00000000e+00,  0.00000000e+00,\n",
       "         4.25955433e-01,  0.00000000e+00,  0.00000000e+00],\n",
       "       [ 0.00000000e+00,  0.00000000e+00,  0.00000000e+00,\n",
       "         0.00000000e+00,  1.37903689e-01,  0.00000000e+00,\n",
       "         0.00000000e+00,  2.23766608e-01,  0.00000000e+00,\n",
       "         0.00000000e+00,  0.00000000e+00,  0.00000000e+00,\n",
       "         0.00000000e+00,  1.24822527e+00,  0.00000000e+00,\n",
       "         0.00000000e+00,  4.25955433e-01,  0.00000000e+00],\n",
       "       [-4.43854682e-02, -2.99326727e-01, -1.94712635e-01,\n",
       "         0.00000000e+00,  0.00000000e+00, -3.60528651e-01,\n",
       "         0.00000000e+00,  0.00000000e+00, -6.38206172e-02,\n",
       "         4.09881849e-16, -2.49749610e-16, -5.42750947e-17,\n",
       "         0.00000000e+00,  0.00000000e+00,  1.24822527e+00,\n",
       "         0.00000000e+00,  0.00000000e+00,  4.25955433e-01],\n",
       "       [ 0.00000000e+00,  0.00000000e+00,  0.00000000e+00,\n",
       "         1.49960823e-01,  0.00000000e+00,  0.00000000e+00,\n",
       "         3.11997821e-01,  0.00000000e+00,  0.00000000e+00,\n",
       "         0.00000000e+00,  0.00000000e+00,  0.00000000e+00,\n",
       "         4.25955433e-01,  0.00000000e+00,  0.00000000e+00,\n",
       "         4.89867679e-01,  0.00000000e+00,  0.00000000e+00],\n",
       "       [ 0.00000000e+00,  0.00000000e+00,  0.00000000e+00,\n",
       "         0.00000000e+00,  1.49960823e-01,  0.00000000e+00,\n",
       "         0.00000000e+00,  3.11997821e-01,  0.00000000e+00,\n",
       "         0.00000000e+00,  0.00000000e+00,  0.00000000e+00,\n",
       "         0.00000000e+00,  4.25955433e-01,  0.00000000e+00,\n",
       "         0.00000000e+00,  4.89867679e-01,  0.00000000e+00],\n",
       "       [-7.43013701e-02, -3.06615213e-01, -2.71487861e-01,\n",
       "         0.00000000e+00,  0.00000000e+00, -1.19668302e-01,\n",
       "         0.00000000e+00,  0.00000000e+00,  3.23986188e-02,\n",
       "         2.92114647e-17,  1.24684083e-17,  0.00000000e+00,\n",
       "         0.00000000e+00,  0.00000000e+00,  4.25955433e-01,\n",
       "         0.00000000e+00,  0.00000000e+00,  4.89867679e-01]])"
      ]
     },
     "execution_count": 48,
     "metadata": {},
     "output_type": "execute_result"
    }
   ],
   "source": [
    "mol.intor('int1e_rinv')"
   ]
  },
  {
   "cell_type": "code",
   "execution_count": null,
   "metadata": {},
   "outputs": [],
   "source": []
  }
 ],
 "metadata": {
  "kernelspec": {
   "display_name": "Python [conda env:analysis]",
   "language": "python",
   "name": "conda-env-analysis-py"
  },
  "language_info": {
   "codemirror_mode": {
    "name": "ipython",
    "version": 3
   },
   "file_extension": ".py",
   "mimetype": "text/x-python",
   "name": "python",
   "nbconvert_exporter": "python",
   "pygments_lexer": "ipython3",
   "version": "3.6.8"
  }
 },
 "nbformat": 4,
 "nbformat_minor": 2
}
